        0.020000       395.425873       112.375954      
        0.031698       199.987183        50.518120       
        0.050238        96.380585        45.460884        
        0.079621       111.050598        31.248007      
        0.126191       105.764938        22.699995       
        0.200000        54.224907        13.056367        
        0.316979        38.240246         8.547237         
        0.502377        18.851171         4.931188         
        0.796214        17.178776         3.134636        
        1.261915        10.576693         1.930674         
