        0.020000        22.721724        30.776987       
        0.031698        29.588745        20.268139      
        0.050238         6.400827        13.103567      
        0.079621         8.969134         7.666330     
        0.126191         8.183052         5.004330       
        0.200000         6.517482         3.171745        
        0.316979         3.512407         2.043082      
        0.502377         5.645396         1.306529      
        0.796214         4.166439         0.801551        
        1.261915         3.990016         0.523000       
