        0.020000        22.721724        31.108696       
        0.031698        29.588745        19.231956        
        0.050238         6.400827        12.476007       
        0.079621         8.969134         7.691530        
        0.126191         8.183052         5.039594       
        0.200000         6.517482         3.259871        
        0.316979         3.512407         1.990224       
        0.502377         5.645396         1.282000        
        0.796214         4.166439         0.796625        
        1.261915         3.990016         0.560790       
