        0.020000        85.000755        17.595709         
        0.031698        59.955734        12.267647        
        0.050238        33.180679         7.948175      
        0.079621        27.230827         5.128710         
        0.126191        12.053366         3.055371        
        0.200000        11.417297         1.919791     
        0.316979         8.229215         1.268956       
        0.502377         4.890865         0.782755       
        0.796214         3.615916         0.525966        
        1.261915         2.979382         0.333061        
