        0.020000        59.068378        21.040819       
        0.031698        28.174166        13.807907       
        0.050238        35.059364         8.692861      
        0.079621        18.017845         5.313526       
        0.126191         9.379717         3.490547      
        0.200000        12.706612         2.162119        
        0.316979         4.422322         1.381415      
        0.502377         4.528296         0.860388        
        0.796214         4.106141         0.551460       
        1.261915         3.190681         0.357528      
