        0.020000       270.283020        19.675024        
        0.031698        58.845329        15.306652       
        0.050238        54.852303        12.083686      
        0.079621        35.537552         8.089180      
        0.126191        21.475597         4.981195       
        0.200000        17.159910         3.042310        
        0.316979        14.230563         1.956839      
        0.502377        11.296347         1.183215      
        0.796214         5.322460         0.757591       
        1.261915         4.734573         0.499325      
