        0.020000      -124.851357        97.326012       
        0.031698        49.723808        49.505054       
        0.050238        19.814085        32.510612       
        0.079621        20.398447        21.141911    
        0.126191        28.667128        13.493801       
        0.200000        19.377468         8.385103      
        0.316979        15.255943         5.371655         
        0.502377        11.506242         3.537814       
        0.796214         9.229754         2.123096     
        1.261915         8.957717         1.431463      
