        0.020000        29.173809        35.930302       
        0.031698       -12.815677        21.995287       
        0.050238        28.518383        14.730364       
        0.079621        11.896982         8.826836        
        0.126191        10.331669         5.731090        
        0.200000         9.072344         3.541204       
        0.316979         0.955017         2.256001        
        0.502377         2.626977         1.414440    
        0.796214         2.142847         0.896700        
        1.261915         2.321131         0.588994         
