        0.020000        70.045410        36.168716       
        0.031698        46.347298        23.821711       
        0.050238        47.544189        15.649449        
        0.079621        20.826838        10.512824      
        0.126191        16.537611         6.338649      
        0.200000        13.968160         3.978209        
        0.316979        13.481516         2.385681      
        0.502377         8.977338         1.627126   
        0.796214         6.138353         1.035878      
        1.261915         4.766747         0.668541    
