        0.020000       185.445190        22.918062       
        0.031698        77.572754        18.202785      
        0.050238        59.074738        14.582342        
        0.079621        31.031370         9.288336         
        0.126191        30.056540         5.421770         
        0.200000        15.662255         3.667689       
        0.316979        13.971960         2.108464         
        0.502377         9.628502         1.396055        
        0.796214         6.237348         0.904335        
        1.261915         5.079108         0.574376        
