        0.020000     -1036.028320       492.955139     
        0.031698       223.430893       200.504791      
        0.050238      -145.082916       235.714294 
        0.079621        44.248650       135.203674    
        0.126191       109.724419        97.047676       
        0.200000       103.345879        65.336670       
        0.316979        37.794243        38.095284   
        0.502377        42.125629        22.656132      
        0.796214       -20.329262        17.891779     
        1.261915         0.714873         8.773091      
