        0.020000        21.248907        40.834045       
        0.031698        33.261784        28.715879       
        0.050238        16.105101        16.580732        
        0.079621        21.498566        10.522154        
        0.126191         6.807244         6.489745       
        0.200000         4.714334         4.204517        
        0.316979         0.453405         2.651435       
        0.502377         2.189448         1.749444      
        0.796214         1.157289         1.034374      
        1.261915         1.663619         0.693717        
