        0.020000       167.053787        41.425426       
        0.031698       125.638489        28.805470    
        0.050238        20.557070        20.201548       
        0.079621        34.999733        14.086665        
        0.126191         8.309761         8.407528      
        0.200000         7.402719         5.076979        
        0.316979        -0.177558         3.343286       
        0.502377         8.752123         2.092831     
        0.796214         2.090148         1.235447       
        1.261915         1.543761         0.811711         
