        0.020000       101.042610        28.263063       
        0.031698        59.329613        19.576845        
        0.050238        31.374168        13.579666        
        0.079621        10.874602         8.468519        
        0.126191         9.541588         5.139504        
        0.200000        14.486962         3.180389        
        0.316979        13.114485         2.186520         
        0.502377         6.884735         1.366252        
        0.796214         6.607747         0.873629        
        1.261915         4.356508         0.558388       
