        0.020000        43.975735        63.092010      
        0.031698       -21.232904        37.578594   
        0.050238        36.576805        22.913185        
        0.079621         4.562309        15.555735       
        0.126191        20.729496         9.122025       
        0.200000        20.603489         6.018686         
        0.316979         9.101974         4.040476         
        0.502377         6.915775         2.446048        
        0.796214         6.722489         1.615966        
        1.261915         6.994825         0.927617      
