        0.020000        52.597038        32.313282         
        0.031698        22.861464        22.459951        
        0.050238        34.691391        14.614064        
        0.079621        30.809425         8.839351         
        0.126191         0.907071         5.458871         
        0.200000        13.284801         3.633152        
        0.316979         4.753807         2.307861       
        0.502377         2.393725         1.469873        
        0.796214         0.641274         0.897168   
        1.261915         1.610494         0.590899      
