        0.020000       324.973541        31.226421        
        0.031698        32.825638        24.372694        
        0.050238        70.792816        19.653669        
        0.079621        47.423332        13.882843         
        0.126191        43.986912         8.627800        
        0.200000        22.712694         5.280344       
        0.316979        25.235815         3.226007        
        0.502377        16.131121         2.185174        
        0.796214         7.034529         1.423616         
        1.261915         6.326042         0.851773         
