        0.020000        88.377914        34.099472        
        0.031698        74.873245        21.464653       
        0.050238        15.759034        13.274138        
        0.079621        26.919592         8.236731       
        0.126191         4.286208         5.070469        
        0.200000         5.865335         3.393714       
        0.316979         1.710144         2.076253      
        0.502377         1.226786         1.322913        
        0.796214         3.018461         0.866616      
        1.261915         2.480992         0.556097      
