        0.020000       402.282135       100.975044       
        0.031698        23.658024        57.446014      
        0.050238        45.439297        51.849804        
        0.079621        61.825233        29.214598        
        0.126191        21.994280        19.228237        
        0.200000        28.841284        12.471777        
        0.316979         7.788249         8.238481         
        0.502377         8.761311         4.905260        
        0.796214         7.844443         2.994438      
        1.261915         2.673511         1.882809     
