        0.020000       195.695984        96.043846        
        0.031698       258.386047        61.358017        
        0.050238       136.831970        47.790810        
        0.079621       118.208061        40.744015       
        0.126191       114.592300        26.836014       
        0.200000        63.058754        15.073049       
        0.316979        43.534794         9.346661       
        0.502377        20.990021         6.190749        
        0.796214        24.025137         3.620313        
        1.261915        13.126653         2.293476        
