        0.020000       101.988129        28.058681       
        0.031698        49.811333        18.842749       
        0.050238        44.680672        12.504874        
        0.079621        20.782883         7.482002         
        0.126191        12.183907         4.638875     
        0.200000        13.932665         2.935451        
        0.316979         9.454421         1.867762         
        0.502377         6.949787         1.218504      
        0.796214         6.451677         0.768844         
        1.261915         5.013641         0.493358        
