        0.020000       630.449158       193.834335       
        0.031698       141.205170        92.210022      
        0.050238       151.356064        87.623619        
        0.079621       104.609612        48.591125       
        0.126191        82.872108        29.400272       
        0.200000        28.128761        19.851492     
        0.316979        44.783112        12.546612    
        0.502377         9.800742         7.605419     
        0.796214        13.081103         4.648998     
        1.261915         5.662295         2.902449     
