        0.020000        59.027748        27.169283        
        0.031698        61.628780        19.494856       
        0.050238        38.057720        11.490614         
        0.079621        29.303417         7.331429       
        0.126191         4.841163         4.600027        
        0.200000         7.589985         2.944200        
        0.316979         4.367350         1.859909         
        0.502377         1.606911         1.220721        
        0.796214         0.873225         0.809925        
        1.261915         1.672765         0.499998         
