        0.020000        15.957397        28.655930       
        0.031698         6.136019        19.839134      
        0.050238        28.787813        11.886771      
        0.079621        14.682023         7.611267        
        0.126191         7.358515         4.566486      
        0.200000        10.432680         2.897509         
        0.316979        -0.203956         1.796409       
        0.502377         2.303927         1.238684       
        0.796214         1.828264         0.759401        
        1.261915         1.535403         0.447962      
