        0.020000       -27.756178        57.308895        
        0.031698        59.050949        35.568680    
        0.050238         9.820648        20.221018      
        0.079621        -0.788313        13.551021         
        0.126191        -3.684287         8.242719     
        0.200000         4.483746         5.706045        
        0.316979         1.436503         3.413332      
        0.502377         0.287933         2.225388        
        0.796214        -0.508261         1.395725     
        1.261915         2.500887         0.850021     
