        0.020000       211.535446        82.157425      
        0.031698        83.016670        50.111572       
        0.050238        54.255562        32.802689        
        0.079621        21.661871        20.315653      
        0.126191        10.791884        12.810425       
        0.200000        14.082702         8.535322       
        0.316979         8.928259         5.033991        
        0.502377         5.361431         3.057347      
        0.796214         9.625529         2.116810        
        1.261915         6.722438         1.260795      
