        0.020000       100.842186        23.001053       
        0.031698        59.872406        15.988268      
        0.050238        29.855015        11.111501       
        0.079621        24.847263         6.411642         
        0.126191        17.613958         4.340117      
        0.200000        14.436397         2.710624         
        0.316979        11.300688         1.676209        
        0.502377         7.491598         1.061893         
        0.796214         5.700600         0.670135        
        1.261915         3.972869         0.471845       
