        0.020000       236.234741        36.842918        
        0.031698        43.477386        26.340055       
        0.050238        33.301498        19.985872        
        0.079621        24.917442        12.331821     
        0.126191         1.570171         7.103149      
        0.200000         7.997753         4.860685       
        0.316979         2.282645         3.236985        
        0.502377         8.500337         1.878899        
        0.796214         3.022176         1.191385        
        1.261915         3.029343         0.742890        
