        0.020000       287.162109        24.720554         
        0.031698        66.325928        18.557493     
        0.050238        67.573730        15.137233  
        0.079621        42.985012        10.960518       
        0.126191        35.033943         6.221013        
        0.200000        23.626648         3.881129         
        0.316979        22.334959         2.612835        
        0.502377        13.143815         1.600130         
        0.796214         6.909116         0.972484         
        1.261915         5.881899         0.618221      
