        0.020000        -5.267123        49.452644       
        0.031698         1.910532        32.506618       
        0.050238        16.117470        20.973259      
        0.079621         9.114291        12.655657      
        0.126191        20.940893         8.068111       
        0.200000        12.543283         4.935720       
        0.316979         8.999764         3.392443      
        0.502377         8.816261         2.160717        
        0.796214         5.252991         1.211859        
        1.261915         5.922936         0.834139      
