        0.020000       166.059982       111.913681      
        0.031698       238.639404        59.311661    
        0.050238        64.208450        51.256039       
        0.079621       116.043861        41.010246       
        0.126191       125.323250        29.416584     
        0.200000        76.880692        18.522991       
        0.316979        32.775280        11.519242       
        0.502377        26.406668         6.949501       
        0.796214        20.599369         4.453449        
        1.261915        14.676993         2.726041       
