        0.020000        36.854332        37.870899       
        0.031698        50.119293        24.027733       
        0.050238        -2.501807        15.729343   
        0.079621        13.919595         9.879406        
        0.126191         1.063751         6.381054        
        0.200000         3.362100         3.734130      
        0.316979         0.540222         2.515682        
        0.502377         2.935428         1.600114       
        0.796214         3.271924         1.033722      
        1.261915         2.785376         0.609848       
