        0.020000        -4.332927        37.732216       
        0.031698        36.116989        25.027031       
        0.050238        16.766436        15.202972        
        0.079621        21.305443         9.069282       
        0.126191        10.617324         5.836661        
        0.200000         7.285686         3.841284       
        0.316979         3.062191         2.413491      
        0.502377         3.835550         1.496176         
        0.796214         2.573102         0.975309        
        1.261915         2.928804         0.569831       
