        0.020000        82.383102        21.055992       
        0.031698        41.798527        14.207795        
        0.050238        34.165646         9.903701        
        0.079621        20.877781         5.700856        
        0.126191         5.807071         3.915001         
        0.200000        14.715025         2.401148         
        0.316979         9.233298         1.481959        
        0.502377         5.068984         0.964918         
        0.796214         3.806634         0.604783       
        1.261915         3.155277         0.382732   
