        0.020000       336.403809        30.581560        
        0.031698        31.518406        22.789164    
        0.050238        66.753166        18.781082      
        0.079621        49.856197        13.152775       
        0.126191        40.201946         7.755497     
        0.200000        23.754505         4.769794     
        0.316979        22.249895         3.147308       
        0.502377        14.874025         1.904063     
        0.796214         7.172457         1.272894      
        1.261915         5.703188         0.749039    
