        0.020000        32.952015        31.256300       
        0.031698       -14.994206        19.185623        
        0.050238        30.625628        12.197528      
        0.079621        10.032580         7.548686      
        0.126191        13.009908         4.850461         
        0.200000        12.029911         3.186096         
        0.316979         3.039149         1.920678        
        0.502377         3.721676         1.273320        
        0.796214         3.312011         0.816584        
        1.261915         3.503080         0.497403     
