        0.020000       182.636795        21.271454       
        0.031698        91.604050        15.366856     
        0.050238        44.173866        11.545309       
        0.079621        33.090237         7.798387         
        0.126191        23.702946         4.843085       
        0.200000        12.397522         2.846606      
        0.316979         9.109953         1.803384        
        0.502377         9.216623         1.173734      
        0.796214         4.872229         0.726389       
        1.261915         4.022557         0.479783        
