        0.020000       115.284821        99.516983       
        0.031698       256.227448        58.129082       
        0.050238       123.574921        45.972836     
        0.079621       113.418922        35.431332     
        0.126191       114.243011        25.088037       
        0.200000        65.842751        15.455009       
        0.316979        43.172264         9.255290         
        0.502377        22.356256         5.644660         
        0.796214        21.093807         3.776103       
        1.261915        12.315857         2.336587         
