        0.020000       335.979553        33.494122       
        0.031698        43.175751        21.400112     
        0.050238        73.645897        18.962446      
        0.079621        52.717453        12.549616       
        0.126191        38.786667         8.169758      
        0.200000        24.731585         4.965476       
        0.316979        22.771542         3.355611       
        0.502377        15.315694         2.049896      
        0.796214         7.290313         1.217551       
        1.261915         5.760484         0.785703        
