        0.020000       172.813614        25.157198       
        0.031698        82.318207        18.555565       
        0.050238        44.996067        14.144599    
        0.079621        33.698116         8.554185       
        0.126191        30.653870         5.735567        
        0.200000        16.698374         3.653670       
        0.316979        12.722328         2.180657         
        0.502377        10.201093         1.339851       
        0.796214         5.839601         0.898179      
        1.261915         4.472521         0.558797      
