        0.020000       140.657730        99.069160        
        0.031698       254.081085        56.368664       
        0.050238        97.792259        48.284706     
        0.079621       114.337601        40.455982       
        0.126191       104.002373        28.965998      
        0.200000        62.137623        15.493736       
        0.316979        37.179180        10.827570        
        0.502377        21.110836         6.539569        
        0.796214        22.850113         4.052316        
        1.261915        13.124397         2.646708     
