        0.020000        73.883690        34.175385       
        0.031698        60.013733        23.682140     
        0.050238        11.925364        15.058001      
        0.079621        25.759790         8.960919       
        0.126191         4.398082         6.174170         
        0.200000         5.403857         3.533381        
        0.316979         3.643375         2.243283        
        0.502377         2.000205         1.498485       
        0.796214         2.152565         1.011896        
        1.261915         2.188131         0.579940         
