        0.020000        -2.530688        45.363811      
        0.031698        29.929680        28.610603       
        0.050238         7.907054        17.284782      
        0.079621        18.358761        10.557462        
        0.126191         9.273453         6.476567        
        0.200000         5.144139         4.650971      
        0.316979        -0.865324         2.828162       
        0.502377         1.270966         1.800388       
        0.796214         1.730215         1.157578       
        1.261915         1.968645         0.754470      
