        0.020000       407.398315        80.506134     
        0.031698       -15.600361        54.856487       
        0.050238         2.669116        51.551662        
        0.079621        28.432444        26.956478      
        0.126191        21.541271        17.820112       
        0.200000        12.749448        10.282151        
        0.316979        13.089034         6.927339        
        0.502377         8.807001         4.116738         
        0.796214         6.811857         2.563023       
        1.261915         4.265346         1.710769      
