        0.020000        94.157501        26.910639       
        0.031698        48.013313        18.091423        
        0.050238        22.966192        11.931984       
        0.079621        11.031527         7.989058      
        0.126191         7.343953         5.181750      
        0.200000        16.207098         2.956589       
        0.316979        12.132485         1.946508         
        0.502377         6.477276         1.194519      
        0.796214         6.131511         0.807800       
        1.261915         4.062910         0.501965        
