        0.020000        -9.318821        75.801025      
        0.031698        53.309185        47.663666       
        0.050238        41.106674        26.050343       
        0.079621        29.586432        18.507423       
        0.126191        14.454130        10.723484      
        0.200000        13.370438         7.030196        
        0.316979        14.177542         4.477607         
        0.502377        11.084615         2.987118     
        0.796214         4.970469         1.884186     
        1.261915         5.692708         1.170224     
