        0.020000       319.200317        32.654675       
        0.031698        43.067307        24.304813    
        0.050238        83.793465        19.601727       
        0.079621        55.917820        14.809587        
        0.126191        45.726204         8.790912        
        0.200000        27.000624         5.354583      
        0.316979        24.972038         3.603658       
        0.502377        16.668064         2.232226         
        0.796214         7.279031         1.487242    
        1.261915         6.128321         0.882153      
