        0.020000        83.937019        51.810543       
        0.031698        -5.091549        33.387550       
        0.050238        11.905368        20.798229        
        0.079621        18.588165        12.350608         
        0.126191        20.106441         7.833367      
        0.200000        11.687364         4.845628       
        0.316979        10.237746         3.050673       
        0.502377         5.954094         2.013969        
        0.796214         5.670162         1.294436       
        1.261915         6.936506         0.846502        
