        0.020000        88.291862        33.607937        
        0.031698        66.749901        21.809843       
        0.050238        43.122902        14.828116      
        0.079621        23.416157         9.261337       
        0.126191        13.357326         5.664918        
        0.200000        12.390825         3.506938       
        0.316979         8.748563         2.132122        
        0.502377         6.323288         1.501045      
        0.796214         6.169614         0.896996        
        1.261915         4.468310         0.559905       
