        0.020000         3.284653        38.872814       
        0.031698       -20.942083        24.888611      
        0.050238        42.032078        15.312976       
        0.079621         4.980029         8.751214        
        0.126191         8.809201         6.220228        
        0.200000        12.231590         3.935501        
        0.316979        -1.191211         2.440949        
        0.502377         2.409439         1.577598       
        0.796214         1.928467         0.991774        
        1.261915         1.509876         0.603596         
