        0.020000       201.021759        40.299213        
        0.031698       118.975281        27.600893      
        0.050238        50.015369        21.323700        
        0.079621        29.050951        13.857205      
        0.126191         4.768417         8.066180       
        0.200000         4.167623         5.438668        
        0.316979         1.445269         3.232872         
        0.502377         7.329931         2.112050       
        0.796214         2.638337         1.305947        
        1.261915         2.635031         0.842259       
