        0.020000        52.788818        34.910557        
        0.031698        32.663193        26.251379        
        0.050238        49.837605        16.066074        
        0.079621        35.758331        10.522418         
        0.126191         2.336469         6.217025         
        0.200000        10.082720         4.077523        
        0.316979         4.221412         2.423621    
        0.502377         1.908389         1.647767     
        0.796214        -0.111121         1.062745         
        1.261915         1.384887         0.631919         
