        0.020000        18.299994       272.208649      
        0.031698       263.976990       143.207550     
        0.050238       233.710571       118.110657       
        0.079621       109.958557        80.415489     
        0.126191       149.861923        49.075428        
        0.200000        78.136658        31.664618      
        0.316979        64.422729        20.419586       
        0.502377        26.681787        11.741831       
        0.796214        14.958068         8.508656        
        1.261915         9.473336         4.148840       
