        0.020000       -14.857165        68.623734      
        0.031698         0.612306         4.875187       
        0.050238         2.363195         8.160949       
        0.079621         0.181832         1.693711      
        0.126191        -0.035271         1.906098         
        0.200000        -0.226683         1.498495        
        0.316979         0.034752         0.100238      
        0.502377        -0.048036         0.113071     
        0.796214        -0.024984         0.043945       
        1.261915         0.046500         0.031712     
