        0.020000        -1.364014         3.598286       
        0.031698        -0.204213         3.460277        
        0.050238        -1.469139         2.145187        
        0.079621        -0.077572         0.647375        
        0.126191        -0.000564         0.152635         
        0.200000         0.000601         0.088766         
        0.316979        -0.002103         0.052510         
        0.502377        -0.013645         0.013735        
        0.796214         0.019132         0.011272        
        1.261915         0.012639         0.006409        
