        0.020000        -1.789679         4.852056        
        0.031698         2.039905         1.728417    
        0.050238         0.067934         4.095399       
        0.079621        -0.368386         0.823255         
        0.126191        -0.017543         0.306517        
        0.200000        -0.276364         0.275012        
        0.316979         0.029137         0.023276        
        0.502377        -0.008765         0.028099        
        0.796214        -0.022584         0.011614      
        1.261915         0.003103         0.004890       
