        0.020000        -0.312629         8.256523       
        0.031698         0.002818         1.949726         
        0.050238        -0.693313         1.941334        
        0.079621        -0.752825         1.235505       
        0.126191        -0.007084         0.974429       
        0.200000        -0.063522         0.436298       
        0.316979         0.014730         0.051684        
        0.502377        -0.023021         0.016352      
        0.796214         0.011209         0.018274        
        1.261915        -0.003972         0.007871        
