        0.020000       149.414383       158.686798      
        0.031698        14.298816        99.000793      
        0.050238         2.256863         6.814572        
        0.079621       -44.477814        13.128645       
        0.126191         0.370611         3.819896      
        0.200000         0.043731         0.655759       
        0.316979        -0.849852         1.571885        
        0.502377        -0.026031         0.317216       
        0.796214        -0.149668         0.174489       
        1.261915         0.005779         0.052192        
