        0.020000       -24.059883        12.967515       
        0.031698         0.029342         4.447914       
        0.050238         0.171058         4.256841        
        0.079621        -4.334208         6.369558       
        0.126191       -10.112096         4.469363        
        0.200000         0.402905         1.506390     
        0.316979        -1.509544         0.825815      
        0.502377        -0.058955         0.443187        
        0.796214         0.026675         0.109998      
        1.261915        -0.115925         0.116388   
