        0.020000       -26.060072        32.174320        
        0.031698       -13.561822        21.543461         
        0.050238        -3.693986        13.483690        
        0.079621        -2.460166         8.642818         
        0.126191        -0.849549         5.362260        
        0.200000         4.256493         3.435488       
        0.316979        -0.271854         2.152956        
        0.502377         0.978436         1.328154         
        0.796214        -0.270136         0.851680         
        1.261915         0.203105         0.543263       
