        0.020000       -15.433605        20.135868         
        0.031698        -2.128710        12.793163       
        0.050238         6.044002         8.173136      
        0.079621         2.927335         5.268793        
        0.126191         4.339907         3.315913        
        0.200000         2.470044         2.113934        
        0.316979        -0.841840         1.337104         
        0.502377        -0.235171         0.845568        
        0.796214         1.309117         0.535316        
        1.261915         0.513151         0.339777        
