        0.020000         6.754479        44.269329       
        0.031698        40.660427        28.044857      
        0.050238        11.559170        17.771105      
        0.079621        -3.381004        11.427467     
        0.126191       -10.864209         7.130037     
        0.200000         3.024821         4.573359     
        0.316979         4.837256         2.949162     
        0.502377         2.382813         1.817796    
        0.796214         0.559820         1.214451   
        1.261915         1.368549         0.732129   
