        0.020000       -13.755679        19.891626         
        0.031698         1.387472        12.118384        
        0.050238         1.641030         7.776383       
        0.079621         3.937266         4.832105        
        0.126191         4.716416         3.067554        
        0.200000         3.451176         1.912422       
        0.316979         1.033103         1.234381        
        0.502377        -0.150978         0.777610       
        0.796214         0.368221         0.488142         
        1.261915         0.212201         0.305763        
