        0.020000        83.144180       230.605499       
        0.031698         5.475773       104.400986      
        0.050238       -42.581032        64.744232      
        0.079621        29.819204        42.034134       
        0.126191        51.608078        26.306150   
        0.200000        -8.560425        16.312937       
        0.316979         7.594619        10.347386       
        0.502377         1.122988         6.419356       
        0.796214         0.760620         4.265740    
        1.261915        -1.150518         2.712260       
