        0.020000        36.970345        28.976185        
        0.031698         7.051709        18.503574        
        0.050238        15.399528        11.423761       
        0.079621       -13.809059         7.193404      
        0.126191         0.300210         4.564477        
        0.200000         2.460211         2.957840       
        0.316979         2.578181         1.920887        
        0.502377         2.309533         1.193111      
        0.796214         1.101894         0.758308        
        1.261915         0.950941         0.482682       
